,0,1,2,3,4,5,6,7,8,9,10,11,12,13,14,15,16,17,18,19,20,21,22,23,24,25,26,27,28,29,30,31,32,33,34,35,36,37,38,39,40,41,42
0,1.0,0.0,0.7,0.5875,0.8625,0.6625,0.9125,0.5375,0.3,0.9875,0.0,1.0,1.0,0.0,0.0,0.0,1.0,0.0,0.0,0.0,1.0,1.0,1.0,0.0,0.0,0.0,0.0,1.0,0.0,1.0,0.0,0.0,1.0,1.0,0.0,0.0,1.0,0.0,1.0,1.0,0.0,0.0,1.0
1,1.0,0.0,0.7,0.5875,0.8625,0.6625,0.9125,0.5375,0.3,0.9875,0.0,1.0,1.0,0.0,0.0,0.0,1.0,0.0,0.0,0.0,1.0,1.0,1.0,0.0,0.0,0.0,0.0,1.0,0.0,1.0,0.0,0.0,1.0,1.0,0.0,0.0,1.0,0.0,1.0,1.0,0.0,0.0,1.0
2,0.7272727272727273,1.0,0.509090909090909,0.42727272727272725,0.6272727272727273,0.4818181818181818,0.6636363636363637,0.39090909090909093,0.21818181818181817,0.7181818181818181,0.0,1.0,1.0,0.0,0.0,1.0,1.0,0.0,0.0,0.0,1.0,1.0,1.0,0.0,0.0,0.0,0.0,1.0,0.0,1.0,0.0,0.0,1.0,1.0,0.0,0.0,1.0,0.0,1.0,1.0,0.0,0.0,1.0
3,0.5970149253731343,0.8208955223880597,0.417910447761194,0.35074626865671643,0.5149253731343284,0.39552238805970147,0.5447761194029851,0.3208955223880597,1.0,0.5895522388059702,0.0,1.0,1.0,0.0,0.0,1.0,1.0,0.0,0.0,0.0,1.0,1.0,1.0,0.0,0.0,0.0,0.0,1.0,0.0,1.0,0.0,0.0,1.0,1.0,0.0,0.0,1.0,0.0,1.0,1.0,0.0,0.0,1.0
4,0.5755395683453237,0.7913669064748201,0.4028776978417266,0.3381294964028777,0.49640287769784175,0.381294964028777,0.5251798561151079,1.0,0.9640287769784173,0.5683453237410072,0.0,1.0,1.0,0.0,0.0,1.0,1.0,0.0,0.0,0.0,1.0,1.0,1.0,0.0,0.0,0.0,0.0,1.0,0.0,1.0,0.0,0.0,1.0,1.0,0.0,0.0,1.0,0.0,1.0,1.0,0.0,0.0,1.0
5,0.5594405594405595,0.7692307692307693,0.3916083916083916,1.0,0.4825174825174825,0.3706293706293706,0.5104895104895105,0.972027972027972,0.9370629370629371,0.5524475524475524,0.0,1.0,1.0,0.0,0.0,1.0,1.0,0.0,0.0,0.0,1.0,1.0,1.0,0.0,0.0,0.0,0.0,1.0,0.0,1.0,0.0,0.0,1.0,1.0,0.0,0.0,1.0,0.0,1.0,1.0,0.0,0.0,1.0
6,0.49079754601226994,0.6748466257668712,0.34355828220858897,0.8773006134969326,0.4233128834355828,1.0,0.44785276073619634,0.852760736196319,0.8220858895705522,0.48466257668711654,0.0,1.0,1.0,0.0,0.0,1.0,1.0,0.0,0.0,0.0,1.0,1.0,1.0,0.0,0.0,0.0,0.0,1.0,0.0,1.0,0.0,0.0,1.0,1.0,0.0,0.0,1.0,0.0,1.0,1.0,0.0,0.0,1.0
7,0.49079754601226994,0.6748466257668712,0.9693251533742331,0.8773006134969326,0.4233128834355828,1.0,0.44785276073619634,0.852760736196319,0.8220858895705522,0.48466257668711654,0.0,1.0,1.0,0.0,0.0,1.0,1.0,0.0,0.0,0.0,1.0,1.0,1.0,0.0,0.0,0.0,0.0,1.0,0.0,1.0,0.0,0.0,1.0,1.0,0.0,0.0,1.0,0.0,1.0,1.0,0.0,0.0,1.0
8,0.4678362573099415,0.6432748538011696,0.9239766081871345,0.8362573099415205,1.0,0.9532163742690059,0.4269005847953216,0.8128654970760234,0.783625730994152,0.4619883040935672,0.0,1.0,1.0,0.0,0.0,1.0,1.0,0.0,0.0,0.0,1.0,1.0,1.0,0.0,0.0,0.0,0.0,1.0,0.0,1.0,0.0,0.0,1.0,1.0,0.0,0.0,1.0,0.0,1.0,1.0,0.0,0.0,1.0
9,0.45714285714285713,0.6285714285714286,0.9028571428571428,0.8171428571428572,0.9771428571428571,0.9314285714285714,1.0,0.7942857142857143,0.7657142857142857,0.4514285714285714,0.0,1.0,1.0,0.0,0.0,1.0,1.0,0.0,0.0,0.0,1.0,1.0,1.0,0.0,0.0,0.0,0.0,1.0,0.0,1.0,0.0,0.0,1.0,1.0,0.0,0.0,1.0,0.0,1.0,1.0,0.012048192771084338,0.0,1.0
10,0.45714285714285713,0.6285714285714286,0.9028571428571428,0.8171428571428572,0.9771428571428571,0.9314285714285714,1.0,0.7942857142857143,0.7657142857142857,1.0,0.0,1.0,1.0,0.0,0.0,1.0,1.0,0.0,0.0,0.0,1.0,1.0,1.0,0.0,0.0,0.0,0.0,1.0,0.0,1.0,0.0,0.0,1.0,1.0,0.0,0.0,1.0,0.0,1.0,1.0,0.012048192771084338,0.0,4.0
11,1.0,0.625,0.8977272727272727,0.8125,0.9715909090909091,0.9261363636363636,0.9943181818181818,0.7897727272727273,0.7613636363636364,0.9943181818181818,0.0,1.0,1.0,0.0,0.0,1.0,1.0,0.0,0.0,0.0,1.0,1.0,1.0,0.0,0.0,0.0,0.0,1.0,0.0,1.0,0.0,0.0,1.0,1.0,0.0,0.0,1.0,0.0,1.0,1.0,0.024096385542168676,0.0,1.0
12,0.8,1.0,0.7181818181818181,0.65,0.7772727272727272,0.740909090909091,0.7954545454545454,0.6318181818181818,0.6090909090909091,0.7954545454545454,0.0,1.0,1.0,0.0,0.0,1.0,1.0,0.0,0.0,0.0,1.0,1.0,1.0,0.0,0.0,0.0,0.0,1.0,0.0,1.0,0.0,0.0,1.0,1.0,0.0,0.0,1.0,0.0,1.0,1.0,0.03614457831325301,0.0,1.0
13,0.7213114754098361,0.9016393442622951,0.6475409836065574,0.5860655737704918,0.7008196721311475,0.6680327868852459,0.7172131147540983,0.569672131147541,1.0,0.7172131147540983,0.0,1.0,1.0,0.0,0.0,1.0,1.0,0.0,0.0,0.0,1.0,1.0,1.0,0.0,0.0,0.0,0.0,1.0,0.0,1.0,0.0,0.0,1.0,1.0,0.0,0.0,1.0,0.0,1.0,1.0,0.04819277108433735,0.0,1.0
14,0.7213114754098361,0.9016393442622951,0.6475409836065574,0.5860655737704918,0.7008196721311475,0.6680327868852459,0.7172131147540983,0.9631147540983607,1.0,0.7172131147540983,0.0,1.0,1.0,0.0,0.0,1.0,1.0,0.0,0.0,0.0,1.0,1.0,1.0,0.0,0.0,0.0,0.0,1.0,0.0,1.0,0.0,0.0,1.0,1.0,0.0,0.0,1.0,0.0,1.0,1.0,0.060240963855421686,0.0,2.0
15,0.7213114754098361,0.9016393442622951,0.6475409836065574,0.9795081967213115,0.7008196721311475,0.6680327868852459,0.7172131147540983,0.9631147540983607,1.0,0.7172131147540983,0.0,1.0,1.0,0.0,0.0,1.0,1.0,0.0,0.0,0.0,1.0,1.0,1.0,0.0,0.0,0.0,0.0,1.0,0.0,1.0,0.0,0.0,1.0,1.0,0.0,0.0,1.0,0.0,1.0,1.0,0.07228915662650602,0.0,1.0
16,0.676923076923077,0.8461538461538461,1.0,0.9192307692307692,0.6576923076923077,0.6269230769230769,0.6730769230769231,0.9038461538461539,0.9384615384615385,0.6730769230769231,0.0,1.0,1.0,0.0,0.0,1.0,1.0,0.0,0.0,0.0,1.0,1.0,1.0,0.0,0.0,0.0,0.0,1.0,0.0,1.0,0.0,0.0,1.0,1.0,0.0,0.0,1.0,0.0,1.0,1.0,0.08433734939759036,0.0,1.0
17,0.6446886446886447,0.8058608058608059,0.9523809523809523,0.8754578754578755,0.6263736263736264,1.0,0.6410256410256411,0.8608058608058609,0.8937728937728938,0.6410256410256411,0.0,1.0,1.0,0.0,0.0,1.0,1.0,0.0,0.0,0.0,1.0,1.0,1.0,0.0,0.0,0.0,0.0,1.0,0.0,1.0,0.0,0.0,1.0,1.0,0.0,0.0,1.0,0.0,1.0,1.0,0.0963855421686747,0.0,1.0
18,0.6446886446886447,0.8058608058608059,0.9523809523809523,0.8754578754578755,1.0,1.0,0.6410256410256411,0.8608058608058609,0.8937728937728938,0.6410256410256411,0.0,1.0,1.0,0.0,0.0,1.0,1.0,0.0,0.0,0.0,1.0,1.0,1.0,0.0,0.0,0.0,0.0,1.0,0.0,1.0,0.0,0.0,1.0,1.0,0.0,0.0,1.0,0.0,1.0,1.0,0.10843373493975904,0.0,3.0
19,0.6353790613718412,0.7942238267148014,0.9386281588447654,0.8628158844765343,0.9855595667870036,0.9855595667870036,1.0,0.8483754512635379,0.8808664259927798,0.631768953068592,0.0,1.0,1.0,0.0,0.0,1.0,1.0,0.0,0.0,0.0,1.0,1.0,1.0,0.0,0.0,0.0,0.0,1.0,0.0,1.0,0.0,0.0,1.0,1.0,0.0,0.0,1.0,0.0,1.0,1.0,0.12048192771084337,0.0,1.0
20,0.5906040268456376,0.738255033557047,0.87248322147651,0.802013422818792,0.9161073825503355,0.9161073825503355,0.9295302013422819,0.7885906040268457,0.8187919463087249,1.0,0.0,1.0,1.0,0.0,0.0,1.0,1.0,0.0,0.0,0.0,1.0,1.0,1.0,0.0,0.0,0.0,0.0,1.0,0.0,1.0,0.0,0.0,1.0,1.0,0.0,0.0,1.0,0.0,0.0,1.0,0.13253012048192772,0.0,1.0
21,0.912751677852349,0.738255033557047,0.87248322147651,0.802013422818792,0.9161073825503355,0.9161073825503355,0.9295302013422819,0.7885906040268457,0.8187919463087249,1.0,0.0,1.0,1.0,0.0,0.0,1.0,1.0,0.0,0.0,0.0,1.0,1.0,1.0,0.0,0.0,0.0,0.0,1.0,0.0,1.0,0.0,0.0,1.0,1.0,0.0,0.0,1.0,0.0,0.0,1.0,0.14457831325301204,0.08333333333333333,3.0
22,0.8242424242424242,1.0,0.7878787878787878,0.7242424242424242,0.8272727272727273,0.8272727272727273,0.8393939393939394,0.7121212121212122,0.7393939393939394,0.9030303030303031,0.0,1.0,1.0,0.0,0.0,1.0,1.0,0.0,0.0,0.0,1.0,1.0,1.0,0.0,0.0,0.0,0.0,1.0,0.0,1.0,0.0,0.0,1.0,1.0,0.0,0.0,1.0,0.0,0.0,1.0,0.1566265060240964,0.07692307692307693,2.0
23,0.7597765363128491,0.9217877094972067,0.7262569832402235,0.6675977653631285,0.7625698324022346,0.7625698324022346,0.7737430167597765,1.0,0.6815642458100558,0.8324022346368715,0.0,1.0,1.0,0.0,0.0,1.0,1.0,0.0,0.0,0.0,1.0,1.0,1.0,0.0,0.0,0.0,0.0,1.0,0.0,1.0,0.0,0.0,0.0,1.0,0.0,0.0,1.0,0.0,0.0,1.0,0.1686746987951807,0.07142857142857142,1.0
24,0.7513812154696132,0.9116022099447514,0.7182320441988951,1.0,0.7541436464088398,0.7541436464088398,0.7651933701657458,0.988950276243094,0.6740331491712708,0.8232044198895028,0.0,1.0,1.0,0.0,0.0,1.0,1.0,0.0,0.0,0.0,0.0,1.0,1.0,0.0,0.0,0.0,0.0,1.0,0.0,1.0,0.0,0.0,0.0,1.0,0.0,0.0,1.0,0.0,0.0,1.0,0.18072289156626506,0.06666666666666667,4.0
25,0.7513812154696132,0.9116022099447514,0.7182320441988951,1.0,0.7541436464088398,0.7541436464088398,0.7651933701657458,0.988950276243094,0.9779005524861878,0.8232044198895028,0.0,1.0,1.0,0.0,0.0,1.0,1.0,0.0,0.0,0.0,0.0,1.0,1.0,0.0,0.0,0.0,0.0,1.0,0.0,1.0,0.0,0.0,0.0,1.0,0.0,0.0,1.0,0.0,0.0,1.0,0.1927710843373494,0.1875,1.0
26,0.7513812154696132,0.9116022099447514,1.0,1.0,0.7541436464088398,0.7541436464088398,0.7651933701657458,0.988950276243094,0.9779005524861878,0.8232044198895028,0.0,1.0,1.0,0.0,0.0,1.0,1.0,0.0,0.0,0.0,0.0,1.0,1.0,0.0,0.0,0.0,0.0,1.0,0.0,1.0,0.0,0.0,0.0,1.0,0.0,0.0,1.0,0.0,0.0,1.0,0.20481927710843373,0.17647058823529413,1.0
27,1.0,0.8967391304347826,0.9836956521739131,0.9836956521739131,0.7418478260869565,0.7418478260869565,0.7527173913043478,0.9728260869565217,0.9619565217391305,0.8097826086956522,0.0,1.0,1.0,0.0,0.0,1.0,1.0,0.0,0.0,0.0,0.0,1.0,1.0,0.0,0.0,0.0,0.0,1.0,0.0,1.0,0.0,0.0,0.0,1.0,0.0,0.0,1.0,0.0,0.0,1.0,0.21686746987951808,0.16666666666666666,1.0
28,0.9608355091383812,0.8616187989556136,0.9451697127937336,0.9451697127937336,0.7127937336814621,1.0,0.7232375979112271,0.9347258485639687,0.9242819843342036,0.7780678851174935,0.0,1.0,1.0,0.0,0.0,1.0,1.0,0.0,0.0,0.0,0.0,1.0,1.0,0.0,0.0,0.0,0.0,1.0,0.0,1.0,0.0,0.0,0.0,1.0,0.0,0.0,1.0,0.0,0.0,1.0,0.2289156626506024,0.15789473684210525,1.0
29,0.9608355091383812,0.8616187989556136,0.9451697127937336,0.9451697127937336,0.97911227154047,1.0,0.7232375979112271,0.9347258485639687,0.9242819843342036,0.7780678851174935,0.0,1.0,1.0,0.0,0.0,1.0,1.0,0.0,0.0,0.0,0.0,1.0,1.0,0.0,0.0,0.0,0.0,1.0,0.0,1.0,0.0,0.0,0.0,1.0,0.0,0.0,1.0,0.0,0.0,1.0,0.24096385542168675,0.15,1.0
30,0.9608355091383812,0.8616187989556136,0.9451697127937336,0.9451697127937336,0.97911227154047,1.0,0.9895561357702349,0.9347258485639687,0.9242819843342036,0.7780678851174935,0.0,1.0,1.0,0.0,0.0,1.0,1.0,0.0,0.0,0.0,0.0,1.0,1.0,0.0,0.0,0.0,0.0,1.0,0.0,1.0,0.0,0.0,0.0,1.0,0.0,0.0,1.0,0.0,0.0,1.0,0.25301204819277107,0.14285714285714285,1.0
31,0.8975609756097561,0.8048780487804879,0.8829268292682927,0.8829268292682927,0.9146341463414634,0.9341463414634147,0.9243902439024391,0.8731707317073171,0.8634146341463415,1.0,0.0,1.0,1.0,0.0,0.0,1.0,1.0,0.0,0.0,0.0,0.0,1.0,1.0,0.0,0.0,0.0,0.0,1.0,0.0,1.0,0.0,0.0,0.0,1.0,0.0,0.0,1.0,1.0,0.0,0.0,0.26506024096385544,0.18181818181818182,1.0
32,0.832579185520362,1.0,0.8190045248868778,0.8190045248868778,0.8484162895927602,0.8665158371040724,0.8574660633484162,0.8099547511312217,0.8009049773755657,0.9276018099547512,0.0,1.0,1.0,1.0,0.0,0.0,1.0,0.0,0.0,0.0,0.0,1.0,1.0,0.0,0.0,0.0,0.0,1.0,0.0,1.0,0.0,0.0,0.0,1.0,0.0,0.0,1.0,1.0,0.0,0.0,0.27710843373493976,0.21739130434782608,1.0
33,0.7896995708154506,0.9484978540772532,0.776824034334764,0.776824034334764,0.8047210300429185,0.8218884120171673,0.8133047210300429,0.7682403433476395,1.0,0.8798283261802575,0.0,1.0,1.0,1.0,0.0,0.0,1.0,0.0,0.0,0.0,0.0,1.0,1.0,0.0,0.0,0.0,0.0,1.0,0.0,1.0,0.0,0.0,0.0,1.0,1.0,0.0,0.0,1.0,0.0,0.0,0.2891566265060241,0.20833333333333334,1.0
34,0.7829787234042553,0.9404255319148936,0.7702127659574468,0.7702127659574468,0.7978723404255319,0.8148936170212766,0.8063829787234043,1.0,0.9914893617021276,0.8723404255319149,0.0,1.0,1.0,1.0,0.0,0.0,1.0,0.0,0.0,0.0,0.0,1.0,1.0,0.0,0.0,0.0,0.0,1.0,0.0,1.0,0.0,1.0,0.0,0.0,1.0,0.0,0.0,1.0,0.0,0.0,0.30120481927710846,0.2,1.0
35,0.7796610169491526,0.9364406779661016,0.7669491525423728,1.0,0.7944915254237288,0.8114406779661016,0.8029661016949152,0.9957627118644068,0.9872881355932204,0.8686440677966102,0.0,1.0,1.0,1.0,0.0,0.0,1.0,0.0,0.0,0.0,0.0,1.0,1.0,0.0,0.0,0.0,0.0,1.0,0.0,1.0,0.0,1.0,0.0,0.0,1.0,0.0,0.0,1.0,0.0,0.0,0.3132530120481928,0.19230769230769232,1.0
36,0.7796610169491526,0.9364406779661016,0.9830508474576272,1.0,0.7944915254237288,0.8114406779661016,0.8029661016949152,0.9957627118644068,0.9872881355932204,0.8686440677966102,0.0,1.0,1.0,1.0,0.0,0.0,1.0,0.0,0.0,0.0,0.0,1.0,1.0,0.0,0.0,0.0,0.0,1.0,0.0,1.0,0.0,1.0,0.0,0.0,1.0,0.0,0.0,1.0,0.0,0.0,0.3253012048192771,0.2222222222222222,1.0
37,0.9830508474576272,0.9364406779661016,0.9830508474576272,1.0,0.7944915254237288,0.8114406779661016,0.8029661016949152,0.9957627118644068,0.9872881355932204,0.8686440677966102,0.0,1.0,1.0,1.0,0.0,0.0,1.0,0.0,0.0,0.0,0.0,1.0,1.0,0.0,0.0,0.0,0.0,1.0,0.0,1.0,0.0,1.0,0.0,0.0,1.0,0.0,0.0,1.0,0.0,0.0,0.3373493975903614,0.25,1.0
38,0.9727463312368972,0.9266247379454927,0.9727463312368972,0.989517819706499,1.0,0.8029350104821803,0.7945492662473794,0.9853249475890985,0.9769392033542977,0.859538784067086,0.0,1.0,1.0,1.0,0.0,0.0,1.0,0.0,0.0,0.0,0.0,1.0,1.0,0.0,0.0,0.0,0.0,1.0,0.0,1.0,0.0,1.0,0.0,0.0,1.0,0.0,0.0,1.0,0.0,0.0,0.3493975903614458,0.2413793103448276,1.0
39,0.9646569646569647,0.918918918918919,0.9646569646569647,0.9812889812889813,0.9916839916839917,0.7962577962577962,1.0,0.9771309771309772,0.9688149688149689,0.8523908523908524,0.0,1.0,1.0,1.0,0.0,0.0,1.0,0.0,0.0,0.0,0.0,1.0,1.0,0.0,0.0,0.0,0.0,1.0,0.0,1.0,0.0,1.0,0.0,0.0,1.0,0.0,0.0,1.0,0.0,0.0,0.3614457831325301,0.23333333333333334,1.0
40,0.9373737373737374,0.8929292929292929,0.9373737373737374,0.9535353535353536,0.9636363636363636,1.0,0.9717171717171718,0.9494949494949495,0.9414141414141414,0.8282828282828283,0.0,1.0,1.0,1.0,0.0,0.0,1.0,0.0,0.0,0.0,0.0,1.0,1.0,0.0,0.0,1.0,0.0,0.0,0.0,1.0,0.0,1.0,0.0,0.0,1.0,0.0,0.0,1.0,0.0,0.0,0.37349397590361444,0.25806451612903225,4.0
41,0.90625,0.86328125,0.90625,0.921875,0.931640625,0.966796875,0.939453125,0.91796875,0.91015625,1.0,0.0,1.0,1.0,1.0,0.0,0.0,1.0,0.0,0.0,0.0,0.0,1.0,1.0,0.0,0.0,1.0,0.0,0.0,0.0,1.0,0.0,1.0,0.0,0.0,1.0,0.0,0.0,1.0,0.0,0.0,0.3855421686746988,0.25,1.0
42,0.8169014084507042,1.0,0.8169014084507042,0.8309859154929577,0.8397887323943662,0.8714788732394366,0.846830985915493,0.8274647887323944,0.8204225352112676,0.9014084507042254,0.0,1.0,1.0,1.0,0.0,1.0,1.0,0.0,0.0,0.0,0.0,1.0,1.0,0.0,0.0,1.0,0.0,0.0,0.0,1.0,0.0,1.0,0.0,0.0,1.0,0.0,0.0,1.0,0.0,0.0,0.39759036144578314,0.2727272727272727,1.0
43,0.8169014084507042,1.0,0.9964788732394366,0.8309859154929577,0.8397887323943662,0.8714788732394366,0.846830985915493,0.8274647887323944,0.8204225352112676,0.9014084507042254,0.0,1.0,1.0,1.0,0.0,1.0,1.0,0.0,0.0,0.0,0.0,1.0,1.0,0.0,0.0,1.0,0.0,0.0,0.0,1.0,0.0,1.0,0.0,0.0,1.0,0.0,0.0,1.0,0.0,0.0,0.40963855421686746,0.2647058823529412,1.0
44,0.9859154929577465,1.0,0.9964788732394366,0.8309859154929577,0.8397887323943662,0.8714788732394366,0.846830985915493,0.8274647887323944,0.8204225352112676,0.9014084507042254,0.0,1.0,1.0,1.0,0.0,1.0,1.0,0.0,0.0,0.0,0.0,1.0,1.0,0.0,0.0,1.0,0.0,0.0,0.0,1.0,0.0,1.0,0.0,0.0,1.0,0.0,0.0,1.0,0.0,0.0,0.42168674698795183,0.2571428571428571,1.0
45,0.9859154929577465,1.0,0.9964788732394366,0.8309859154929577,0.8397887323943662,0.8714788732394366,0.846830985915493,0.8274647887323944,1.0,0.9014084507042254,0.0,1.0,1.0,1.0,0.0,1.0,1.0,0.0,0.0,0.0,0.0,1.0,1.0,0.0,0.0,1.0,0.0,0.0,0.0,1.0,0.0,1.0,0.0,0.0,1.0,0.0,0.0,1.0,0.0,0.0,0.43373493975903615,0.25,1.0
46,0.9790209790209791,0.993006993006993,0.9895104895104895,0.8251748251748252,0.833916083916084,0.8653846153846154,0.8409090909090909,1.0,0.993006993006993,0.8951048951048951,0.0,1.0,1.0,1.0,0.0,1.0,1.0,0.0,0.0,0.0,0.0,1.0,1.0,0.0,0.0,1.0,0.0,0.0,0.0,1.0,0.0,1.0,0.0,0.0,1.0,0.0,0.0,1.0,0.0,0.0,0.4457831325301205,0.24324324324324326,1.0
47,0.958904109589041,0.9726027397260274,0.9691780821917808,1.0,0.8167808219178082,0.8476027397260274,0.8236301369863014,0.9794520547945206,0.9726027397260274,0.8767123287671232,0.0,1.0,1.0,1.0,0.0,1.0,1.0,0.0,0.0,1.0,0.0,0.0,1.0,0.0,0.0,1.0,0.0,0.0,0.0,1.0,0.0,1.0,0.0,0.0,1.0,0.0,0.0,1.0,0.0,0.0,0.4578313253012048,0.23684210526315788,1.0
48,0.958904109589041,0.9726027397260274,0.9691780821917808,1.0,0.9914383561643836,0.8476027397260274,0.8236301369863014,0.9794520547945206,0.9726027397260274,0.8767123287671232,0.0,1.0,1.0,1.0,0.0,1.0,1.0,0.0,0.0,1.0,0.0,0.0,1.0,0.0,0.0,1.0,0.0,0.0,0.0,1.0,0.0,1.0,0.0,0.0,1.0,0.0,0.0,1.0,0.0,0.0,0.46987951807228917,0.23076923076923078,1.0
49,0.958904109589041,0.9726027397260274,0.9691780821917808,1.0,0.9914383561643836,0.8476027397260274,0.9982876712328768,0.9794520547945206,0.9726027397260274,0.8767123287671232,0.0,1.0,1.0,1.0,0.0,1.0,1.0,0.0,0.0,1.0,0.0,0.0,1.0,0.0,0.0,1.0,0.0,0.0,0.0,1.0,0.0,1.0,0.0,0.0,1.0,0.0,0.0,1.0,0.0,0.0,0.4819277108433735,0.25,1.0
50,0.9017713365539453,0.9146537842190016,0.9114331723027376,0.9404186795491143,0.9323671497584541,1.0,0.9388083735909822,0.9210950080515298,0.9146537842190016,0.8244766505636071,0.0,1.0,1.0,1.0,0.0,1.0,1.0,0.0,0.0,1.0,0.0,0.0,1.0,0.0,0.0,1.0,0.0,1.0,0.0,1.0,0.0,1.0,0.0,0.0,1.0,0.0,0.0,1.0,0.0,0.0,0.4939759036144578,0.2682926829268293,1.0
51,0.9017713365539453,0.9146537842190016,0.9114331723027376,0.9404186795491143,0.9323671497584541,1.0,0.9388083735909822,0.9210950080515298,0.9146537842190016,0.9887278582930756,0.0,1.0,1.0,1.0,0.0,1.0,1.0,0.0,0.0,1.0,0.0,0.0,1.0,0.0,0.0,1.0,0.0,1.0,0.0,1.0,0.0,1.0,0.0,0.0,1.0,0.0,0.0,1.0,0.0,0.0,0.5060240963855421,0.2619047619047619,1.0
52,1.0,0.8658536585365854,0.8628048780487805,0.8902439024390244,0.8826219512195121,0.9466463414634146,0.8887195121951219,0.8719512195121951,0.8658536585365854,0.9359756097560976,0.0,1.0,1.0,1.0,0.0,1.0,1.0,0.0,0.0,1.0,0.0,0.0,1.0,0.0,0.0,1.0,0.0,1.0,0.0,1.0,0.0,1.0,0.0,0.0,1.0,0.0,0.0,1.0,0.0,0.0,0.5180722891566265,0.2558139534883721,1.0
53,0.9820359281437125,0.8502994011976048,1.0,0.874251497005988,0.8667664670658682,0.9296407185628742,0.8727544910179641,0.8562874251497006,0.8502994011976048,0.9191616766467066,0.0,1.0,1.0,1.0,0.0,1.0,1.0,0.0,0.0,1.0,0.0,0.0,1.0,0.0,0.0,1.0,0.0,1.0,0.0,1.0,0.0,1.0,0.0,0.0,1.0,0.0,0.0,1.0,0.0,0.0,0.5301204819277109,0.25,1.0
54,0.967551622418879,1.0,0.9852507374631269,0.8613569321533924,0.8539823008849557,0.915929203539823,0.859882005899705,0.8436578171091446,0.8377581120943953,0.9056047197640118,0.0,1.0,1.0,1.0,0.0,1.0,1.0,0.0,0.0,1.0,0.0,0.0,1.0,0.0,0.0,1.0,0.0,1.0,0.0,1.0,0.0,1.0,0.0,0.0,1.0,0.0,0.0,1.0,0.0,0.0,0.5421686746987951,0.24444444444444444,1.0
55,0.967551622418879,1.0,0.9852507374631269,0.8613569321533924,0.8539823008849557,0.915929203539823,0.859882005899705,0.8436578171091446,0.9882005899705014,0.9056047197640118,0.0,1.0,1.0,1.0,0.0,1.0,1.0,0.0,0.0,1.0,0.0,0.0,1.0,0.0,0.0,1.0,0.0,1.0,0.0,1.0,0.0,1.0,0.0,0.0,1.0,0.0,0.0,1.0,0.0,0.0,0.5542168674698795,0.2391304347826087,1.0
56,0.943884892086331,0.9755395683453237,0.9611510791366906,0.8402877697841726,0.8330935251798561,0.8935251798561151,0.8388489208633093,1.0,0.9640287769784173,0.883453237410072,0.0,1.0,1.0,1.0,0.0,1.0,1.0,0.0,0.0,1.0,0.0,0.0,1.0,0.0,0.0,1.0,0.0,1.0,0.0,1.0,0.0,0.0,0.0,1.0,1.0,0.0,0.0,1.0,0.0,0.0,0.5662650602409639,0.23404255319148937,1.0
57,0.9344729344729344,0.9658119658119658,0.9515669515669516,0.8319088319088319,1.0,0.8846153846153846,0.8304843304843305,0.99002849002849,0.9544159544159544,0.8746438746438746,0.0,1.0,1.0,1.0,0.0,1.0,1.0,0.0,0.0,1.0,0.0,0.0,0.0,0.0,1.0,1.0,0.0,1.0,0.0,1.0,0.0,0.0,0.0,1.0,1.0,0.0,0.0,1.0,0.0,0.0,0.5783132530120482,0.22916666666666666,1.0
58,0.9344729344729344,0.9658119658119658,0.9515669515669516,0.8319088319088319,1.0,0.8846153846153846,0.9757834757834758,0.99002849002849,0.9544159544159544,0.8746438746438746,0.0,1.0,1.0,1.0,0.0,1.0,1.0,0.0,0.0,1.0,0.0,0.0,0.0,0.0,1.0,1.0,0.0,1.0,0.0,1.0,0.0,0.0,0.0,1.0,1.0,0.0,0.0,1.0,0.0,0.0,0.5903614457831325,0.22448979591836735,1.0
59,0.923943661971831,0.9549295774647887,0.9408450704225352,1.0,0.9887323943661972,0.8746478873239436,0.9647887323943662,0.9788732394366197,0.9436619718309859,0.8647887323943662,0.0,1.0,1.0,1.0,0.0,1.0,1.0,0.0,0.0,1.0,0.0,1.0,0.0,0.0,1.0,1.0,0.0,1.0,0.0,1.0,0.0,0.0,0.0,1.0,1.0,0.0,0.0,1.0,0.0,0.0,0.6024096385542169,0.28,1.0
60,0.8864864864864865,0.9162162162162162,0.9027027027027027,0.9594594594594594,0.9486486486486486,0.8391891891891892,0.9256756756756757,0.9391891891891891,0.9054054054054054,1.0,0.0,1.0,1.0,1.0,0.0,1.0,1.0,0.0,0.0,1.0,0.0,1.0,0.0,0.0,1.0,1.0,0.0,1.0,0.0,1.0,0.0,0.0,0.0,1.0,1.0,0.0,0.0,1.0,0.0,1.0,0.6144578313253012,0.27450980392156865,2.0
61,0.8864864864864865,0.9162162162162162,0.9027027027027027,0.9594594594594594,0.9486486486486486,0.9878378378378379,0.9256756756756757,0.9391891891891891,0.9054054054054054,1.0,0.0,1.0,1.0,1.0,0.0,1.0,1.0,0.0,0.0,1.0,0.0,1.0,0.0,0.0,1.0,1.0,0.0,1.0,0.0,1.0,0.0,0.0,0.0,1.0,1.0,0.0,0.0,1.0,0.0,1.0,0.6265060240963856,0.28846153846153844,1.0
62,1.0,0.901595744680851,0.8882978723404256,0.9441489361702128,0.9335106382978723,0.9720744680851063,0.910904255319149,0.9242021276595744,0.8909574468085106,0.9840425531914894,0.0,1.0,1.0,1.0,0.0,1.0,1.0,0.0,0.0,1.0,0.0,1.0,0.0,0.0,1.0,1.0,0.0,1.0,0.0,1.0,0.0,0.0,0.0,1.0,1.0,0.0,0.0,1.0,0.0,1.0,0.6385542168674698,0.2830188679245283,0.0
63,0.947103274559194,0.853904282115869,1.0,0.8942065491183879,0.8841309823677582,0.9206549118387909,0.8627204030226701,0.8753148614609572,0.8438287153652393,0.9319899244332494,0.0,1.0,1.0,1.0,0.0,1.0,1.0,0.0,1.0,1.0,0.0,1.0,0.0,0.0,1.0,1.0,0.0,1.0,0.0,1.0,0.0,0.0,0.0,1.0,1.0,0.0,0.0,1.0,0.0,1.0,0.6506024096385542,0.2777777777777778,1.0
64,0.947103274559194,0.853904282115869,1.0,0.8942065491183879,0.8841309823677582,0.9206549118387909,0.8627204030226701,0.8753148614609572,0.9886649874055415,0.9319899244332494,0.0,1.0,1.0,1.0,0.0,1.0,1.0,0.0,1.0,1.0,0.0,1.0,0.0,0.0,1.0,1.0,0.0,1.0,0.0,1.0,0.0,0.0,0.0,1.0,0.0,1.0,1.0,1.0,0.0,1.0,0.6626506024096386,0.2727272727272727,4.0
65,0.947103274559194,0.9924433249370277,1.0,0.8942065491183879,0.8841309823677582,0.9206549118387909,0.8627204030226701,0.8753148614609572,0.9886649874055415,0.9319899244332494,0.0,1.0,1.0,1.0,0.0,1.0,1.0,0.0,1.0,1.0,0.0,1.0,0.0,0.0,1.0,1.0,0.0,1.0,0.0,1.0,0.0,0.0,0.0,1.0,0.0,1.0,1.0,1.0,0.0,1.0,0.6746987951807228,0.2857142857142857,1.0
66,0.947103274559194,0.9924433249370277,1.0,0.8942065491183879,0.8841309823677582,0.9206549118387909,0.9911838790931989,0.8753148614609572,0.9886649874055415,0.9319899244332494,0.0,1.0,1.0,1.0,0.0,1.0,1.0,0.0,1.0,1.0,0.0,1.0,0.0,0.0,1.0,1.0,0.0,1.0,0.0,1.0,0.0,0.0,0.0,1.0,0.0,1.0,1.0,1.0,0.0,1.0,0.6867469879518072,0.2982456140350877,1.0
67,0.9341614906832298,0.9788819875776398,0.986335403726708,0.8819875776397516,0.8720496894409938,0.9080745341614906,0.977639751552795,1.0,0.9751552795031055,0.9192546583850931,0.0,1.0,1.0,1.0,0.0,1.0,1.0,0.0,1.0,1.0,0.0,1.0,0.0,0.0,1.0,1.0,0.0,1.0,0.0,1.0,0.0,0.0,0.0,1.0,0.0,1.0,1.0,1.0,0.0,1.0,0.6987951807228916,0.29310344827586204,1.0
68,0.9238329238329238,0.9680589680589681,0.9754299754299754,0.8722358722358723,1.0,0.898034398034398,0.9668304668304668,0.9889434889434889,0.9643734643734644,0.9090909090909091,0.0,1.0,1.0,1.0,0.0,1.0,1.0,0.0,1.0,1.0,0.0,1.0,1.0,0.0,0.0,1.0,0.0,1.0,0.0,1.0,0.0,0.0,0.0,1.0,0.0,1.0,1.0,1.0,0.0,1.0,0.7108433734939759,0.288135593220339,3.0
69,0.9170731707317074,0.9609756097560975,0.9682926829268292,1.0,0.9926829268292683,0.8914634146341464,0.9597560975609756,0.9817073170731707,0.9573170731707317,0.9024390243902439,0.0,1.0,1.0,1.0,0.0,1.0,1.0,0.0,1.0,1.0,0.0,1.0,1.0,0.0,0.0,1.0,0.0,1.0,0.0,1.0,0.0,0.0,0.0,1.0,0.0,1.0,1.0,1.0,0.0,1.0,0.7228915662650602,0.3,0.0
70,0.8888888888888888,0.9314420803782506,0.9385342789598109,0.9692671394799054,0.9621749408983451,1.0,0.9302600472813238,0.9515366430260047,0.9278959810874704,0.8747044917257684,0.0,1.0,1.0,1.0,0.0,1.0,1.0,0.0,1.0,1.0,0.0,1.0,1.0,0.0,0.0,0.0,1.0,1.0,0.0,1.0,0.0,0.0,0.0,1.0,0.0,1.0,1.0,1.0,0.0,1.0,0.7349397590361446,0.29508196721311475,1.0
71,0.8847058823529412,0.9270588235294117,0.9341176470588235,0.9647058823529412,0.9576470588235294,0.9952941176470588,0.9258823529411765,0.9470588235294117,0.9235294117647059,1.0,0.0,1.0,1.0,1.0,0.0,1.0,1.0,0.0,1.0,1.0,0.0,1.0,1.0,0.0,0.0,0.0,1.0,1.0,0.0,1.0,0.0,0.0,0.0,1.0,0.0,1.0,1.0,1.0,0.0,1.0,0.7469879518072289,0.3064516129032258,1.0
72,0.9976470588235294,0.9270588235294117,0.9341176470588235,0.9647058823529412,0.9576470588235294,0.9952941176470588,0.9258823529411765,0.9470588235294117,0.9235294117647059,1.0,0.0,1.0,1.0,1.0,0.0,1.0,1.0,0.0,1.0,1.0,0.0,1.0,1.0,0.0,0.0,0.0,1.0,1.0,0.0,1.0,0.0,0.0,0.0,1.0,0.0,1.0,1.0,1.0,0.0,1.0,0.7590361445783133,0.30158730158730157,1.0
73,0.9625425652667423,0.8944381384790011,0.9012485811577753,0.9307604994324631,0.923950056753689,0.960272417707151,0.8933030646992054,0.9137343927355278,1.0,0.9648127128263337,0.0,1.0,1.0,1.0,0.0,1.0,1.0,0.0,1.0,1.0,0.0,1.0,1.0,0.0,0.0,0.0,1.0,1.0,0.0,1.0,0.0,0.0,0.0,1.0,0.0,1.0,1.0,1.0,0.0,1.0,0.7710843373493976,0.296875,1.0
74,0.953880764904387,0.8863892013498312,0.8931383577052868,0.922384701912261,0.9156355455568054,0.9516310461192351,1.0,0.905511811023622,0.9910011248593926,0.9561304836895388,0.0,1.0,1.0,1.0,0.0,1.0,1.0,0.0,1.0,1.0,0.0,1.0,1.0,0.0,0.0,0.0,1.0,1.0,0.0,1.0,0.0,0.0,0.0,1.0,0.0,1.0,1.0,1.0,0.0,1.0,0.7831325301204819,0.2923076923076923,1.0
75,0.9443207126948775,1.0,0.8841870824053452,0.9131403118040089,0.9064587973273942,0.9420935412026726,0.9899777282850779,0.8964365256124721,0.9810690423162584,0.9465478841870824,0.0,1.0,1.0,1.0,0.0,1.0,1.0,0.0,1.0,1.0,0.0,1.0,1.0,0.0,0.0,0.0,1.0,1.0,0.0,1.0,0.0,0.0,0.0,1.0,0.0,1.0,1.0,1.0,0.0,1.0,0.7951807228915663,0.2878787878787879,1.0
76,0.9380530973451328,0.9933628318584071,1.0,0.9070796460176991,0.9004424778761062,0.9358407079646017,0.9834070796460177,0.8904867256637168,0.9745575221238938,0.9402654867256637,0.0,1.0,1.0,1.0,0.0,1.0,1.0,0.0,1.0,1.0,0.0,1.0,1.0,0.0,0.0,0.0,1.0,1.0,0.0,1.0,0.0,0.0,0.0,1.0,0.0,1.0,1.0,1.0,0.0,1.0,0.8072289156626506,0.2835820895522388,1.0
77,0.9157667386609071,0.9697624190064795,0.9762419006479481,0.8855291576673866,0.8790496760259179,0.9136069114470843,0.9600431965442765,1.0,0.9514038876889849,0.91792656587473,0.0,1.0,1.0,1.0,0.0,1.0,1.0,0.0,1.0,1.0,0.0,1.0,1.0,0.0,0.0,0.0,1.0,1.0,0.0,1.0,0.0,0.0,1.0,0.0,0.0,1.0,1.0,1.0,0.0,1.0,0.8192771084337349,0.27941176470588236,1.0
78,0.906951871657754,0.960427807486631,0.9668449197860962,0.8770053475935828,1.0,0.9048128342245989,0.9508021390374332,0.9903743315508021,0.9422459893048128,0.9090909090909091,0.0,1.0,1.0,1.0,0.0,1.0,1.0,0.0,1.0,1.0,0.0,1.0,0.0,1.0,0.0,0.0,1.0,1.0,0.0,1.0,0.0,0.0,1.0,0.0,0.0,1.0,1.0,1.0,0.0,1.0,0.8313253012048193,0.2753623188405797,5.0
